Name Surname HW1 HW2 HW3 HW4 HW5 HW6 HW7 Exam
Name1 Surname1 7.53624 9.23805 6.34892 5.63822 9.77634 6.95405 5.75787 8.09644
Name2 Surname2 1.66691 3.96865 6.25369 1.27875 9.35734 1.17777 8.01435 4.0244
Name3 Surname1 4.08273 4.73338 9.16582 6.86332 6.13567 1.07045 3.58257 7.5661
Name4 Surname2 7.3216 5.0766 3.01337 8.8486 7.45705 8.96911 4.02722 7.04285
Name5 Surname1 6.44971 1.5999 7.91417 8.4418 2.30369 1.02146 5.44486 1.87305
Name6 Surname2 7.2312 6.62555 7.79478 5.15618 7.99719 7.76429 9.78642 2.60164
Name7 Surname1 5.04597 8.51879 6.18557 4.5981 8.12615 5.42809 5.8821 7.65366
Name8 Surname2 2.12624 2.16057 7.89153 4.98157 2.87439 8.98997 4.05477 8.54313
Name9 Surname1 9.31845 8.18225 3.85158 5.49642 2.21641 5.08846 5.92006 8.93491
Name10 Surname2 7.53394 4.1179 9.58995 6.37958 2.6211 4.1488 7.84866 5.62534
Name11 Surname1 8.67383 4.23733 7.87952 2.83471 5.14101 2.97926 4.55895 2.26351
Name12 Surname2 7.61327 6.26808 8.56967 7.90564 9.90666 9.22586 9.30832 8.87818
Name13 Surname1 8.11427 9.00802 4.18541 4.3049 1.66062 8.36898 7.10249 7.07283
Name14 Surname2 7.10965 3.75555 5.83694 3.70067 8.15007 8.48254 5.90954 1.77084
Name15 Surname1 2.87622 2.40972 3.70049 3.65578 3.27047 4.06737 4.26854 6.15215
Name16 Surname2 8.57396 7.94837 3.0204 4.06398 9.83625 3.79647 4.18168 3.01941
Name17 Surname1 7.32146 8.80237 5.06964 5.19907 6.14766 4.31626 1.03518 1.91676
Name18 Surname2 2.99087 8.77091 9.81276 5.94704 4.10753 9.75018 7.1079 2.71283
Name19 Surname1 3.20646 4.5635 7.51689 7.61534 6.91247 7.86357 4.05687 9.97557
Name20 Surname2 8.93075 5.88611 1.39099 6.8642 3.85898 7.89778 2.33608 2.28847
Name21 Surname1 9.90444 4.24931 5.37068 9.63422 1.32074 2.11788 5.4589 3.98678
Name22 Surname2 8.4514 7.35892 5.26708 4.15523 7.23209 5.823 2.5014 5.11451
Name23 Surname1 7.97212 4.00231 6.91765 9.23974 2.80938 5.14812 4.72545 2.23074
Name24 Surname2 9.83819 1.47378 6.50071 6.71531 3.36426 6.10849 3.91311 5.77941
Name25 Surname1 3.49953 4.42454 8.95297 2.46748 3.8552 1.90679 8.00954 4.21691
Name26 Surname2 3.55853 5.1789 3.7329 1.62116 3.74481 3.80764 5.22131 4.81147
Name27 Surname1 5.77717 7.39968 8.95893 5.84137 3.5261 8.29652 8.22957 9.92359
Name28 Surname2 3.70241 7.18792 9.17431 6.32751 6.72554 1.5117 9.647 1.22949
Name29 Surname1 1.15015 5.87554 7.78479 1.37412 9.49556 9.11517 3.37025 4.83523
Name30 Surname2 9.47096 4.05793 9.402 9.53062 4.28984 7.13046 5.10098 3.99753
Name31 Surname1 1.74541 2.23796 9.15991 5.5349 7.00808 3.85758 5.44864 7.05999
Name32 Surname2 3.19876 7.88598 2.28459 1.16798 6.45485 8.67786 2.03971 2.8669
Name33 Surname1 2.38239 7.31802 6.76967 6.28918 3.38569 3.6201 1.10328 6.33202
Name34 Surname2 7.85127 6.92545 3.16152 6.5498 5.87733 6.24349 3.47397 5.18548
Name35 Surname1 5.29826 8.90886 7.56822 4.35998 5.60415 4.36334 1.44839 8.83375
Name36 Surname2 2.48235 6.11162 2.07008 1.43882 7.60363 8.44801 4.78616 9.92551
Name37 Surname1 9.19154 5.62201 2.12972 7.71942 7.70416 4.41677 9.65619 1.4894
Name38 Surname2 1.75698 7.15027 2.43987 5.63602 7.30071 1.09457 5.99897 1.76821
Name39 Surname1 1.96243 9.51945 1.07717 9.96924 8.54595 2.9674 1.46479 3.74457
Name40 Surname2 4.76046 3.73437 7.15355 3.46725 6.4621 2.88319 6.9359 3.10872
Name41 Surname1 2.44816 2.55827 5.42957 8.85335 2.91519 2.85186 2.78887 6.99716
Name42 Surname2 6.28395 4.90625 3.21232 6.90929 3.14368 8.3744 4.73118 2.51835
Name43 Surname1 1.49062 1.32187 9.23054 7.18466 2.74051 9.36918 7.60479 3.74176
Name44 Surname2 1.72517 3.80227 2.99285 6.18337 4.63558 5.61088 4.17156 5.94438
Name45 Surname1 5.08969 4.48557 1.05131 8.19828 8.94095 3.18868 9.34716 2.64021
Name46 Surname2 9.7047 2.23029 7.57026 8.976 2.17934 2.34193 5.7503 6.52807
Name47 Surname1 6.55417 8.463 6.91465 5.43951 4.56304 1.26493 9.5178 8.84815
Name48 Surname2 2.5923 5.3141 2.32873 6.84585 7.75127 9.0769 3.71206 2.58112
Name49 Surname1 6.00958 5.4609 1.14791 8.78765 4.56673 5.27983 7.76527 3.2053
Name50 Surname2 8.3597 1.75907 9.88603 9.83239 5.33182 8.84605 6.15146 5.10404
